-10.0
10.0
-10.0
10.0
-10.0
10.0
[position]
8    8    8	2.1
8    8   16	2.1
8    8   24	2.1
8   16    8	2.1
8   16   16	2.1
8   16   24	2.1
8   24    8	2.1
8   24   16	2.1
8   24   24	2.1
16    8    8	2.1
16    8   16	2.1
16    8   24	2.1
16   16    8	2.1
16   16   16	2.1
16   16   24	2.1
16   24    8	2.1
16   24   16	2.1
16   24   24	2.1
24    8    8	2.1
24    8   16	2.1
24    8   24	2.1
24   16    8	2.1
24   16   16	2.1
24   16   24	2.1
24   24    8	2.1
24   24   16	2.1
24   24   24	2.1
[velocity]
[connection]
[membranes]
[particleMemIndex]
[end]