-10.0
10.0
-10.0
10.0
-10.0
10.0
[position]
1.0 1.0 1.0 2.1
1.0 1.0 2.0 2.1
1.0 1.0 3.0 2.1
1.0 2.0 1.0 2.1
1.0 2.0 2.0 2.1
1.0 2.0 3.0 2.1
1.0 3.0 1.0 2.1
1.0 3.0 2.0 2.1
1.0 3.0 3.0 2.1
2.0 1.0 1.0 2.1
2.0 1.0 2.0 2.1
2.0 1.0 3.0 2.1
2.0 2.0 1.0 2.1
2.0 2.0 2.0 2.1
2.0 2.0 3.0 2.1
2.0 3.0 1.0 2.1
2.0 3.0 2.0 2.1
2.0 3.0 3.0 2.1
3.0 1.0 1.0 2.1
3.0 1.0 2.0 2.1
3.0 1.0 3.0 2.1
3.0 2.0 1.0 2.1
3.0 2.0 2.0 2.1
3.0 2.0 3.0 2.1
3.0 3.0 1.0 2.1
3.0 3.0 2.0 2.1
3.0 3.0 3.0 2.1
[velocity]
[connection]
[membranes]
[particleMemIndex]
[end]