-10.0
10.0
-10.0
10.0
-10.0
10.0
[position]
51.2807	20.04	167	2.1
48.9193	20.04	167	2.1
50.1	21.2207	167	2.1
50.1	18.8593	167	2.1
50.1	20.04	165.33	2.1
51.77	20.04	168.67	2.1
48.43	20.04	168.67	2.1
50.935	21.4863	168.67	2.1
50.935	18.5937	168.67	2.1
49.265	21.4863	168.67	2.1
49.265	18.5937	168.67	2.1
52.094	20.04	170.34	2.1
48.106	20.04	170.34	2.1
51.3946	21.5565	170.34	2.2
51.3946	18.5235	170.34	2.2
48.8054	21.5565	170.34	2.2
48.8054	18.5235	170.34	2.2
50.1	20.04	170.34	2.1
52.5359	20.04	172.01	2.1
47.6641	20.04	172.01	2.1
51.9635	21.6088	172.01	2.2
51.9635	18.4712	172.01	2.2
48.2365	21.6088	172.01	2.2
48.2365	18.4712	172.01	2.2
50.1	22.4759	172.01	2.1
50.1	17.6041	172.01	2.1
52.9056	20.04	173.68	2.1
47.2944	20.04	173.68	2.1
52.4086	21.6343	173.68	2.2
52.4086	18.4457	173.68	2.2
47.7914	21.6343	173.68	2.2
47.7914	18.4457	173.68	2.2
50.9882	22.7013	173.68	2.1
50.9882	17.3787	173.68	2.1
49.2118	22.7013	173.68	2.1
49.2118	17.3787	173.68	2.1
53.2287	20.04	175.35	2.1
46.9713	20.04	175.35	2.1
52.7831	21.6494	175.35	2.2
52.7831	18.4306	175.35	2.2
47.4169	21.6494	175.35	2.2
47.4169	18.4306	175.35	2.2
51.1537	22.986	175.35	2.1
51.1537	17.094	175.35	2.1
49.0463	22.986	175.35	2.1
49.0463	17.094	175.35	2.1
50.1	21.4987	175.35	2.1
39.41033	39.4103396535	39.4103203465	2.1
41.08033	39.4103400626	39.4103199374	2.1
42.75033	39.4103404717	39.4103195283	2.1
44.42033	39.4103408807	39.4103191193	2.1
46.09033	39.4103412898	39.4103187102	2.1
47.76033	39.4103416988	39.4103183012	2.1
49.43033	39.4103421079	39.4103178921	2.1
39.4103304091	39.4103396535	41.0803203465	2.1
41.0803304091	39.4103400626	41.0803199374	2.1
42.7503304091	39.4103404717	41.0803195283	2.1
44.4203304091	39.4103408807	41.0803191193	2.1
46.0903304091	39.4103412898	41.0803187102	2.1
47.7603304091	39.4103416988	41.0803183012	2.1
49.4303304091	39.4103421079	41.0803178921	2.1
39.4103308181	39.4103396535	42.7503203465	2.1
41.0803308181	39.4103400626	42.7503199374	2.1
42.7503308181	39.4103404717	42.7503195283	2.1
44.4203308181	39.4103408807	42.7503191193	2.1
46.0903308181	39.4103412898	42.7503187102	2.1
47.7603308181	39.4103416988	42.7503183012	2.1
49.4303308181	39.4103421079	42.7503178921	2.1
39.4103312272	39.4103396535	44.4203203465	2.1
41.0803312272	39.4103400626	44.4203199374	2.1
42.7503312272	39.4103404717	44.4203195283	2.1
44.4203312272	39.4103408807	44.4203191193	2.1
46.0903312272	39.4103412898	44.4203187102	2.1
47.7603312272	39.4103416988	44.4203183012	2.1
49.4303312272	39.4103421079	44.4203178921	2.1
39.4103316363	39.4103396535	46.0903203465	2.1
41.0803316363	39.4103400626	46.0903199374	2.1
42.7503316363	39.4103404717	46.0903195283	2.1
44.4203316363	39.4103408807	46.0903191193	2.1
46.0903316363	39.4103412898	46.0903187102	2.1
47.7603316363	39.4103416988	46.0903183012	2.1
49.4303316363	39.4103421079	46.0903178921	2.1
39.4103320453	39.4103396535	47.7603203465	2.1
41.0803320453	39.4103400626	47.7603199374	2.1
42.7503320453	39.4103404717	47.7603195283	2.1
44.4203320453	39.4103408807	47.7603191193	2.1
46.0903320453	39.4103412898	47.7603187102	2.1
47.7603320453	39.4103416988	47.7603183012	2.1
49.4303320453	39.4103421079	47.7603178921	2.1
39.4103324544	39.4103396535	49.4303203465	2.1
41.0803324544	39.4103400626	49.4303199374	2.1
42.7503324544	39.4103404717	49.4303195283	2.1
44.4203324544	39.4103408807	49.4303191193	2.1
46.0903324544	39.4103412898	49.4303187102	2.1
47.7603324544	39.4103416988	49.4303183012	2.1
49.4303324544	39.4103421079	49.4303178921	2.1
39.4103295909	41.0803396535	39.4103203465	2.1
41.0803295909	41.0803400626	39.4103199374	2.1
42.7503295909	41.0803404717	39.4103195283	2.1
44.4203295909	41.0803408807	39.4103191193	2.1
46.0903295909	41.0803412898	39.4103187102	2.1
47.7603295909	41.0803416988	39.4103183012	2.1
49.4303295909	41.0803421079	39.4103178921	2.1
39.41033	41.0803396535	41.0803203465	2.1
49.43033	41.0803421079	41.0803178921	2.1
39.4103304091	41.0803396535	42.7503203465	2.1
49.4303304091	41.0803421079	42.7503178921	2.1
39.4103308181	41.0803396535	44.4203203465	2.1
49.4303308181	41.0803421079	44.4203178921	2.1
39.4103312272	41.0803396535	46.0903203465	2.1
49.4303312272	41.0803421079	46.0903178921	2.1
39.4103316363	41.0803396535	47.7603203465	2.1
49.4303316363	41.0803421079	47.7603178921	2.1
39.4103320453	41.0803396535	49.4303203465	2.1
41.0803320453	41.0803400626	49.4303199374	2.1
42.7503320453	41.0803404717	49.4303195283	2.1
44.4203320453	41.0803408807	49.4303191193	2.1
46.0903320453	41.0803412898	49.4303187102	2.1
47.7603320453	41.0803416988	49.4303183012	2.1
49.4303320453	41.0803421079	49.4303178921	2.1
39.4103291819	42.7503396535	39.4103203465	2.1
41.0803291819	42.7503400626	39.4103199374	2.1
42.7503291819	42.7503404717	39.4103195283	2.1
44.4203291819	42.7503408807	39.4103191193	2.1
46.0903291819	42.7503412898	39.4103187102	2.1
47.7603291819	42.7503416988	39.4103183012	2.1
49.4303291819	42.7503421079	39.4103178921	2.1
39.4103295909	42.7503396535	41.0803203465	2.1
49.4303295909	42.7503421079	41.0803178921	2.1
39.41033	42.7503396535	42.7503203465	2.1
49.43033	42.7503421079	42.7503178921	2.1
39.4103304091	42.7503396535	44.4203203465	2.1
49.4303304091	42.7503421079	44.4203178921	2.1
39.4103308181	42.7503396535	46.0903203465	2.1
49.4303308181	42.7503421079	46.0903178921	2.1
39.4103312272	42.7503396535	47.7603203465	2.1
49.4303312272	42.7503421079	47.7603178921	2.1
39.4103316363	42.7503396535	49.4303203465	2.1
41.0803316363	42.7503400626	49.4303199374	2.1
42.7503316363	42.7503404717	49.4303195283	2.1
44.4203316363	42.7503408807	49.4303191193	2.1
46.0903316363	42.7503412898	49.4303187102	2.1
47.7603316363	42.7503416988	49.4303183012	2.1
49.4303316363	42.7503421079	49.4303178921	2.1
39.4103287728	44.4203396535	39.4103203465	2.1
41.0803287728	44.4203400626	39.4103199374	2.1
42.7503287728	44.4203404717	39.4103195283	2.1
44.4203287728	44.4203408807	39.4103191193	2.1
46.0903287728	44.4203412898	39.4103187102	2.1
47.7603287728	44.4203416988	39.4103183012	2.1
49.4303287728	44.4203421079	39.4103178921	2.1
39.4103291819	44.4203396535	41.0803203465	2.1
49.4303291819	44.4203421079	41.0803178921	2.1
39.4103295909	44.4203396535	42.7503203465	2.1
49.4303295909	44.4203421079	42.7503178921	2.1
39.41033	44.4203396535	44.4203203465	2.1
49.43033	44.4203421079	44.4203178921	2.1
39.4103304091	44.4203396535	46.0903203465	2.1
49.4303304091	44.4203421079	46.0903178921	2.1
39.4103308181	44.4203396535	47.7603203465	2.1
49.4303308181	44.4203421079	47.7603178921	2.1
39.4103312272	44.4203396535	49.4303203465	2.1
41.0803312272	44.4203400626	49.4303199374	2.1
42.7503312272	44.4203404717	49.4303195283	2.1
44.4203312272	44.4203408807	49.4303191193	2.1
46.0903312272	44.4203412898	49.4303187102	2.1
47.7603312272	44.4203416988	49.4303183012	2.1
49.4303312272	44.4203421079	49.4303178921	2.1
39.4103283637	46.0903396535	39.4103203465	2.1
41.0803283637	46.0903400626	39.4103199374	2.1
42.7503283637	46.0903404717	39.4103195283	2.1
44.4203283637	46.0903408807	39.4103191193	2.1
46.0903283637	46.0903412898	39.4103187102	2.1
47.7603283637	46.0903416988	39.4103183012	2.1
49.4303283637	46.0903421079	39.4103178921	2.1
39.4103287728	46.0903396535	41.0803203465	2.1
49.4303287728	46.0903421079	41.0803178921	2.1
39.4103291819	46.0903396535	42.7503203465	2.1
49.4303291819	46.0903421079	42.7503178921	2.1
39.4103295909	46.0903396535	44.4203203465	2.1
49.4303295909	46.0903421079	44.4203178921	2.1
39.41033	46.0903396535	46.0903203465	2.1
49.43033	46.0903421079	46.0903178921	2.1
39.4103304091	46.0903396535	47.7603203465	2.1
49.4303304091	46.0903421079	47.7603178921	2.1
39.4103308181	46.0903396535	49.4303203465	2.1
41.0803308181	46.0903400626	49.4303199374	2.1
42.7503308181	46.0903404717	49.4303195283	2.1
44.4203308181	46.0903408807	49.4303191193	2.1
46.0903308181	46.0903412898	49.4303187102	2.1
47.7603308181	46.0903416988	49.4303183012	2.1
49.4303308181	46.0903421079	49.4303178921	2.1
39.4103279547	47.7603396535	39.4103203465	2.1
41.0803279547	47.7603400626	39.4103199374	2.1
42.7503279547	47.7603404717	39.4103195283	2.1
44.4203279547	47.7603408807	39.4103191193	2.1
46.0903279547	47.7603412898	39.4103187102	2.1
47.7603279547	47.7603416988	39.4103183012	2.1
49.4303279547	47.7603421079	39.4103178921	2.1
39.4103283637	47.7603396535	41.0803203465	2.1
49.4303283637	47.7603421079	41.0803178921	2.1
39.4103287728	47.7603396535	42.7503203465	2.1
49.4303287728	47.7603421079	42.7503178921	2.1
39.4103291819	47.7603396535	44.4203203465	2.1
49.4303291819	47.7603421079	44.4203178921	2.1
39.4103295909	47.7603396535	46.0903203465	2.1
49.4303295909	47.7603421079	46.0903178921	2.1
39.41033	47.7603396535	47.7603203465	2.1
49.43033	47.7603421079	47.7603178921	2.1
39.4103304091	47.7603396535	49.4303203465	2.1
41.0803304091	47.7603400626	49.4303199374	2.1
42.7503304091	47.7603404717	49.4303195283	2.1
44.4203304091	47.7603408807	49.4303191193	2.1
46.0903304091	47.7603412898	49.4303187102	2.1
47.7603304091	47.7603416988	49.4303183012	2.1
49.4303304091	47.7603421079	49.4303178921	2.1
39.4103275456	49.4303396535	39.4103203465	2.1
41.0803275456	49.4303400626	39.4103199374	2.1
42.7503275456	49.4303404717	39.4103195283	2.1
44.4203275456	49.4303408807	39.4103191193	2.1
46.0903275456	49.4303412898	39.4103187102	2.1
47.7603275456	49.4303416988	39.4103183012	2.1
49.4303275456	49.4303421079	39.4103178921	2.1
39.4103279547	49.4303396535	41.0803203465	2.1
41.0803279547	49.4303400626	41.0803199374	2.1
42.7503279547	49.4303404717	41.0803195283	2.1
44.4203279547	49.4303408807	41.0803191193	2.1
46.0903279547	49.4303412898	41.0803187102	2.1
47.7603279547	49.4303416988	41.0803183012	2.1
49.4303279547	49.4303421079	41.0803178921	2.1
39.4103283637	49.4303396535	42.7503203465	2.1
41.0803283637	49.4303400626	42.7503199374	2.1
42.7503283637	49.4303404717	42.7503195283	2.1
44.4203283637	49.4303408807	42.7503191193	2.1
46.0903283637	49.4303412898	42.7503187102	2.1
47.7603283637	49.4303416988	42.7503183012	2.1
49.4303283637	49.4303421079	42.7503178921	2.1
39.4103287728	49.4303396535	44.4203203465	2.1
41.0803287728	49.4303400626	44.4203199374	2.1
42.7503287728	49.4303404717	44.4203195283	2.1
44.4203287728	49.4303408807	44.4203191193	2.1
46.0903287728	49.4303412898	44.4203187102	2.1
47.7603287728	49.4303416988	44.4203183012	2.1
49.4303287728	49.4303421079	44.4203178921	2.1
39.4103291819	49.4303396535	46.0903203465	2.1
41.0803291819	49.4303400626	46.0903199374	2.1
42.7503291819	49.4303404717	46.0903195283	2.1
44.4203291819	49.4303408807	46.0903191193	2.1
46.0903291819	49.4303412898	46.0903187102	2.1
47.7603291819	49.4303416988	46.0903183012	2.1
49.4303291819	49.4303421079	46.0903178921	2.1
39.4103295909	49.4303396535	47.7603203465	2.1
41.0803295909	49.4303400626	47.7603199374	2.1
42.7503295909	49.4303404717	47.7603195283	2.1
44.4203295909	49.4303408807	47.7603191193	2.1
46.0903295909	49.4303412898	47.7603187102	2.1
47.7603295909	49.4303416988	47.7603183012	2.1
49.4303295909	49.4303421079	47.7603178921	2.1
39.41033	49.4303396535	49.4303203465	2.1
41.08033	49.4303400626	49.4303199374	2.1
42.75033	49.4303404717	49.4303195283	2.1
44.42033	49.4303408807	49.4303191193	2.1
46.09033	49.4303412898	49.4303187102	2.1
47.76033	49.4303416988	49.4303183012	2.1
49.43033	49.4303421079	49.4303178921	2.1
[velocity]
[connection]
[membranes]
[particleMemIndex]
[end]