0
100.2
0
66.8
0
668
[position]
51.2807	20.04	167	2.1
48.9193	20.04	167	2.1
50.1	21.2207	167	2.1
50.1	18.8593	167	2.1
50.1	20.04	165.33	2.1
51.77	20.04	168.67	2.1
48.43	20.04	168.67	2.1
50.935	21.4863	168.67	2.1
50.935	18.5937	168.67	2.1
49.265	21.4863	168.67	2.1
49.265	18.5937	168.67	2.1
52.094	20.04	170.34	2.1
48.106	20.04	170.34	2.1
51.3946	21.5565	170.34	2.2
51.3946	18.5235	170.34	2.2
48.8054	21.5565	170.34	2.2
48.8054	18.5235	170.34	2.2
50.1	20.04	170.34	2.1
52.5359	20.04	172.01	2.1
47.6641	20.04	172.01	2.1
51.9635	21.6088	172.01	2.2
51.9635	18.4712	172.01	2.2
48.2365	21.6088	172.01	2.2
48.2365	18.4712	172.01	2.2
50.1	22.4759	172.01	2.1
50.1	17.6041	172.01	2.1
52.9056	20.04	173.68	2.1
47.2944	20.04	173.68	2.1
52.4086	21.6343	173.68	2.2
52.4086	18.4457	173.68	2.2
47.7914	21.6343	173.68	2.2
47.7914	18.4457	173.68	2.2
50.9882	22.7013	173.68	2.1
50.9882	17.3787	173.68	2.1
49.2118	22.7013	173.68	2.1
49.2118	17.3787	173.68	2.1
53.2287	20.04	175.35	2.1
46.9713	20.04	175.35	2.1
52.7831	21.6494	175.35	2.2
52.7831	18.4306	175.35	2.2
47.4169	21.6494	175.35	2.2
47.4169	18.4306	175.35	2.2
51.1537	22.986	175.35	2.1
51.1537	17.094	175.35	2.1
49.0463	22.986	175.35	2.1
49.0463	17.094	175.35	2.1
50.1	21.4987	175.35	2.1
[velocity]
[connection]
[membranes]
[particleMemIndex]
[end]