0
88.844
0
88.8440217622
0
88.8439782378
[position]
8.0	8.0	8.0	2.1
8.0	8.0	16.0	2.1
8.0	8.0	24.0	2.1
7.99999	16.0	7.99999	2.1
7.99999	16.0	16.0	2.1
7.99999	16.0	24.0	2.1
7.99999	24.0	7.99999	2.1
7.99999	24.0	16.0	2.1
7.99999	24.0	24.0	2.1
15.98	7.99067	7.99067	2.1
15.98	7.99067	15.98	2.1
15.98	7.99067	23.9693	2.1
15.98	15.98	7.99067	2.1
15.98	15.98	15.98	2.1
3.2565	3.2565	3.2565	3.1
3.2565	3.2565	61.8735	3.1
3.2565	9.7695	3.2565	3.1
3.2565	9.7695	61.8735	3.1
3.2565	16.2825	3.2565	3.1
3.2565	16.2825	61.8735	3.1
3.2565	22.7955	3.2565	3.1
3.2565	22.7955	61.8735	3.1
3.2565	29.3085	3.2565	3.1
3.2565	29.3085	61.8735	3.1
3.2565	35.8215	3.2565	3.1
3.2565	35.8215	61.8735	3.1
9.7695	3.2565	3.2565	3.1
9.7695	3.2565	61.8735	3.1
9.7695	9.7695	3.2565	3.1
9.7695	9.7695	61.8735	3.1
9.7695	16.2825	3.2565	3.1
9.7695	16.2825	61.8735	3.1
9.7695	22.7955	3.2565	3.1
9.7695	22.7955	61.8735	3.1
9.7695	29.3085	3.2565	3.1
9.7695	29.3085	61.8735	3.1
9.7695	35.8215	3.2565	3.1
9.7695	35.8215	61.8735	3.1
16.2825	3.2565	3.2565	3.1
16.2825	3.2565	61.8735	3.1
16.2825	9.7695	3.2565	3.1
16.2825	9.7695	61.8735	3.1
16.2825	16.2825	3.2565	3.1
16.2825	16.2825	61.8735	3.1
16.2825	22.7955	3.2565	3.1
16.2825	22.7955	61.8735	3.1
16.2825	29.3085	3.2565	3.1
16.2825	29.3085	61.8735	3.1
16.2825	35.8215	3.2565	3.1
16.2825	35.8215	61.8735	3.1
22.7955	3.2565	3.2565	3.1
22.7955	3.2565	61.8735	3.1
22.7955	9.7695	3.2565	3.1
22.7955	9.7695	61.8735	3.1
22.7955	16.2825	3.2565	3.1
22.7955	16.2825	61.8735	3.1
22.7955	22.7955	3.2565	3.1
22.7955	22.7955	61.8735	3.1
22.7955	29.3085	3.2565	3.1
22.7955	29.3085	61.8735	3.1
22.7955	35.8215	3.2565	3.1
22.7955	35.8215	61.8735	3.1
29.3085	3.2565	3.2565	3.1
29.3085	3.2565	61.8735	3.1
29.3085	9.7695	3.2565	3.1
29.3085	9.7695	61.8735	3.1
29.3085	16.2825	3.2565	3.1
29.3085	16.2825	61.8735	3.1
29.3085	22.7955	3.2565	3.1
29.3085	22.7955	61.8735	3.1
29.3085	29.3085	3.2565	3.1
29.3085	29.3085	61.8735	3.1
29.3085	35.8215	3.2565	3.1
29.3085	35.8215	61.8735	3.1
35.8215	3.2565	3.2565	3.1
35.8215	3.2565	61.8735	3.1
35.8215	9.7695	3.2565	3.1
35.8215	9.7695	61.8735	3.1
35.8215	16.2825	3.2565	3.1
35.8215	16.2825	61.8735	3.1
35.8215	22.7955	3.2565	3.1
35.8215	22.7955	61.8735	3.1
35.8215	29.3085	3.2565	3.1
35.8215	29.3085	61.8735	3.1
35.8215	35.8215	3.2565	3.1
35.8215	35.8215	61.8735	3.1
42.3345	3.2565	3.2565	3.1
42.3345	3.2565	61.8735	3.1
42.3345	9.7695	3.2565	3.1
42.3345	9.7695	61.8735	3.1
42.3345	16.2825	3.2565	3.1
42.3345	16.2825	61.8735	3.1
42.3345	22.7955	3.2565	3.1
42.3345	22.7955	61.8735	3.1
42.3345	29.3085	3.2565	3.1
42.3345	29.3085	61.8735	3.1
42.3345	35.8215	3.2565	3.1
42.3345	35.8215	61.8735	3.1
48.8475	3.2565	3.2565	3.1
48.8475	3.2565	61.8735	3.1
48.8475	9.7695	3.2565	3.1
48.8475	9.7695	61.8735	3.1
48.8475	16.2825	3.2565	3.1
48.8475	16.2825	61.8735	3.1
48.8475	22.7955	3.2565	3.1
48.8475	22.7955	61.8735	3.1
48.8475	29.3085	3.2565	3.1
48.8475	29.3085	61.8735	3.1
48.8475	35.8215	3.2565	3.1
48.8475	35.8215	61.8735	3.1
55.3605	3.2565	3.2565	3.1
55.3605	3.2565	61.8735	3.1
55.3605	9.7695	3.2565	3.1
55.3605	9.7695	61.8735	3.1
55.3605	16.2825	3.2565	3.1
55.3605	16.2825	61.8735	3.1
55.3605	22.7955	3.2565	3.1
55.3605	22.7955	61.8735	3.1
55.3605	29.3085	3.2565	3.1
55.3605	29.3085	61.8735	3.1
55.3605	35.8215	3.2565	3.1
55.3605	35.8215	61.8735	3.1
61.8735	3.2565	3.2565	3.1
61.8735	3.2565	61.8735	3.1
61.8735	9.7695	3.2565	3.1
61.8735	9.7695	61.8735	3.1
61.8735	16.2825	3.2565	3.1
61.8735	16.2825	61.8735	3.1
61.8735	22.7955	3.2565	3.1
61.8735	22.7955	61.8735	3.1
61.8735	29.3085	3.2565	3.1
61.8735	29.3085	61.8735	3.1
61.8735	35.8215	3.2565	3.1
61.8735	35.8215	61.8735	3.1
3.2565	3.2565	9.7695	3.1
3.2565	35.8215	9.7695	3.1
3.2565	3.2565	16.2825	3.1
3.2565	35.8215	16.2825	3.1
3.2565	3.2565	22.7955	3.1
3.2565	35.8215	22.7955	3.1
3.2565	3.2565	29.3085	3.1
3.2565	35.8215	29.3085	3.1
3.2565	3.2565	35.8215	3.1
3.2565	35.8215	35.8215	3.1
3.2565	3.2565	42.3345	3.1
3.2565	35.8215	42.3345	3.1
3.2565	3.2565	48.8475	3.1
3.2565	35.8215	48.8475	3.1
3.2565	3.2565	55.3605	3.1
3.2565	35.8215	55.3605	3.1
9.7695	3.2565	9.7695	3.1
9.7695	35.8215	9.7695	3.1
9.7695	3.2565	16.2825	3.1
9.7695	35.8215	16.2825	3.1
9.7695	3.2565	22.7955	3.1
9.7695	35.8215	22.7955	3.1
9.7695	3.2565	29.3085	3.1
9.7695	35.8215	29.3085	3.1
9.7695	3.2565	35.8215	3.1
9.7695	35.8215	35.8215	3.1
9.7695	3.2565	42.3345	3.1
9.7695	35.8215	42.3345	3.1
9.7695	3.2565	48.8475	3.1
9.7695	35.8215	48.8475	3.1
9.7695	3.2565	55.3605	3.1
9.7695	35.8215	55.3605	3.1
16.2825	3.2565	9.7695	3.1
16.2825	35.8215	9.7695	3.1
16.2825	3.2565	16.2825	3.1
16.2825	35.8215	16.2825	3.1
16.2825	3.2565	22.7955	3.1
16.2825	35.8215	22.7955	3.1
16.2825	3.2565	29.3085	3.1
16.2825	35.8215	29.3085	3.1
16.2825	3.2565	35.8215	3.1
16.2825	35.8215	35.8215	3.1
16.2825	3.2565	42.3345	3.1
16.2825	35.8215	42.3345	3.1
16.2825	3.2565	48.8475	3.1
16.2825	35.8215	48.8475	3.1
16.2825	3.2565	55.3605	3.1
16.2825	35.8215	55.3605	3.1
22.7955	3.2565	9.7695	3.1
22.7955	35.8215	9.7695	3.1
22.7955	3.2565	16.2825	3.1
22.7955	35.8215	16.2825	3.1
22.7955	3.2565	22.7955	3.1
22.7955	35.8215	22.7955	3.1
22.7955	3.2565	29.3085	3.1
22.7955	35.8215	29.3085	3.1
22.7955	3.2565	35.8215	3.1
22.7955	35.8215	35.8215	3.1
22.7955	3.2565	42.3345	3.1
22.7955	35.8215	42.3345	3.1
22.7955	3.2565	48.8475	3.1
22.7955	35.8215	48.8475	3.1
22.7955	3.2565	55.3605	3.1
22.7955	35.8215	55.3605	3.1
29.3085	3.2565	9.7695	3.1
29.3085	35.8215	9.7695	3.1
29.3085	3.2565	16.2825	3.1
29.3085	35.8215	16.2825	3.1
29.3085	3.2565	22.7955	3.1
29.3085	35.8215	22.7955	3.1
29.3085	3.2565	29.3085	3.1
29.3085	35.8215	29.3085	3.1
29.3085	3.2565	35.8215	3.1
29.3085	35.8215	35.8215	3.1
29.3085	3.2565	42.3345	3.1
29.3085	35.8215	42.3345	3.1
29.3085	3.2565	48.8475	3.1
29.3085	35.8215	48.8475	3.1
29.3085	3.2565	55.3605	3.1
29.3085	35.8215	55.3605	3.1
35.8215	3.2565	9.7695	3.1
35.8215	35.8215	9.7695	3.1
35.8215	3.2565	16.2825	3.1
35.8215	35.8215	16.2825	3.1
35.8215	3.2565	22.7955	3.1
35.8215	35.8215	22.7955	3.1
35.8215	3.2565	29.3085	3.1
35.8215	35.8215	29.3085	3.1
35.8215	3.2565	35.8215	3.1
35.8215	35.8215	35.8215	3.1
35.8215	3.2565	42.3345	3.1
35.8215	35.8215	42.3345	3.1
35.8215	3.2565	48.8475	3.1
35.8215	35.8215	48.8475	3.1
35.8215	3.2565	55.3605	3.1
35.8215	35.8215	55.3605	3.1
42.3345	3.2565	9.7695	3.1
42.3345	35.8215	9.7695	3.1
42.3345	3.2565	16.2825	3.1
42.3345	35.8215	16.2825	3.1
42.3345	3.2565	22.7955	3.1
42.3345	35.8215	22.7955	3.1
42.3345	3.2565	29.3085	3.1
42.3345	35.8215	29.3085	3.1
42.3345	3.2565	35.8215	3.1
42.3345	35.8215	35.8215	3.1
42.3345	3.2565	42.3345	3.1
42.3345	35.8215	42.3345	3.1
42.3345	3.2565	48.8475	3.1
42.3345	35.8215	48.8475	3.1
42.3345	3.2565	55.3605	3.1
42.3345	35.8215	55.3605	3.1
48.8475	3.2565	9.7695	3.1
48.8475	35.8215	9.7695	3.1
48.8475	3.2565	16.2825	3.1
48.8475	35.8215	16.2825	3.1
48.8475	3.2565	22.7955	3.1
48.8475	35.8215	22.7955	3.1
48.8475	3.2565	29.3085	3.1
48.8475	35.8215	29.3085	3.1
48.8475	3.2565	35.8215	3.1
48.8475	35.8215	35.8215	3.1
48.8475	3.2565	42.3345	3.1
48.8475	35.8215	42.3345	3.1
48.8475	3.2565	48.8475	3.1
48.8475	35.8215	48.8475	3.1
48.8475	3.2565	55.3605	3.1
48.8475	35.8215	55.3605	3.1
55.3605	3.2565	9.7695	3.1
55.3605	35.8215	9.7695	3.1
55.3605	3.2565	16.2825	3.1
55.3605	35.8215	16.2825	3.1
55.3605	3.2565	22.7955	3.1
55.3605	35.8215	22.7955	3.1
55.3605	3.2565	29.3085	3.1
55.3605	35.8215	29.3085	3.1
55.3605	3.2565	35.8215	3.1
55.3605	35.8215	35.8215	3.1
55.3605	3.2565	42.3345	3.1
55.3605	35.8215	42.3345	3.1
55.3605	3.2565	48.8475	3.1
55.3605	35.8215	48.8475	3.1
55.3605	3.2565	55.3605	3.1
55.3605	35.8215	55.3605	3.1
61.8735	3.2565	9.7695	3.1
61.8735	35.8215	9.7695	3.1
61.8735	3.2565	16.2825	3.1
61.8735	35.8215	16.2825	3.1
61.8735	3.2565	22.7955	3.1
61.8735	35.8215	22.7955	3.1
61.8735	3.2565	29.3085	3.1
61.8735	35.8215	29.3085	3.1
61.8735	3.2565	35.8215	3.1
61.8735	35.8215	35.8215	3.1
61.8735	3.2565	42.3345	3.1
61.8735	35.8215	42.3345	3.1
61.8735	3.2565	48.8475	3.1
61.8735	35.8215	48.8475	3.1
61.8735	3.2565	55.3605	3.1
61.8735	35.8215	55.3605	3.1
3.2565	9.7695	9.7695	3.1
61.8735	9.7695	9.7695	3.1
3.2565	9.7695	16.2825	3.1
61.8735	9.7695	16.2825	3.1
3.2565	9.7695	22.7955	3.1
61.8735	9.7695	22.7955	3.1
3.2565	9.7695	29.3085	3.1
61.8735	9.7695	29.3085	3.1
3.2565	9.7695	35.8215	3.1
61.8735	9.7695	35.8215	3.1
3.2565	9.7695	42.3345	3.1
61.8735	9.7695	42.3345	3.1
3.2565	9.7695	48.8475	3.1
61.8735	9.7695	48.8475	3.1
3.2565	9.7695	55.3605	3.1
61.8735	9.7695	55.3605	3.1
3.2565	16.2825	9.7695	3.1
61.8735	16.2825	9.7695	3.1
3.2565	16.2825	16.2825	3.1
61.8735	16.2825	16.2825	3.1
3.2565	16.2825	22.7955	3.1
61.8735	16.2825	22.7955	3.1
3.2565	16.2825	29.3085	3.1
61.8735	16.2825	29.3085	3.1
3.2565	16.2825	35.8215	3.1
61.8735	16.2825	35.8215	3.1
3.2565	16.2825	42.3345	3.1
61.8735	16.2825	42.3345	3.1
3.2565	16.2825	48.8475	3.1
61.8735	16.2825	48.8475	3.1
3.2565	16.2825	55.3605	3.1
61.8735	16.2825	55.3605	3.1
3.2565	22.7955	9.7695	3.1
61.8735	22.7955	9.7695	3.1
3.2565	22.7955	16.2825	3.1
61.8735	22.7955	16.2825	3.1
3.2565	22.7955	22.7955	3.1
61.8735	22.7955	22.7955	3.1
3.2565	22.7955	29.3085	3.1
61.8735	22.7955	29.3085	3.1
3.2565	22.7955	35.8215	3.1
61.8735	22.7955	35.8215	3.1
3.2565	22.7955	42.3345	3.1
61.8735	22.7955	42.3345	3.1
3.2565	22.7955	48.8475	3.1
61.8735	22.7955	48.8475	3.1
3.2565	22.7955	55.3605	3.1
61.8735	22.7955	55.3605	3.1
3.2565	29.3085	9.7695	3.1
61.8735	29.3085	9.7695	3.1
3.2565	29.3085	16.2825	3.1
61.8735	29.3085	16.2825	3.1
3.2565	29.3085	22.7955	3.1
61.8735	29.3085	22.7955	3.1
3.2565	29.3085	29.3085	3.1
61.8735	29.3085	29.3085	3.1
3.2565	29.3085	35.8215	3.1
61.8735	29.3085	35.8215	3.1
3.2565	29.3085	42.3345	3.1
61.8735	29.3085	42.3345	3.1
3.2565	29.3085	48.8475	3.1
61.8735	29.3085	48.8475	3.1
3.2565	29.3085	55.3605	3.1
61.8735	29.3085	55.3605	3.1
[velocity]
0.0	0.0	0.0	2.1
0.0	0.0	0.0	2.1
0.0	0.0	0.0	2.1
0.0	0.0	0.0	2.1
0.0	0.0	0.0	2.1
0.0	0.0	0.0	2.1
0.0	0.0	0.0	2.1
0.0	0.0	0.0	2.1
0.0	0.0	0.0	2.1
0.0	0.0	0.0	2.1
0.0	0.0	0.0	2.1
0.0	0.0	0.0	2.1
0.0	0.0	0.0	2.1
0.0	0.0	0.0	2.1
0.57735026919	0.57735026919	0.57735026919	3.1
0.57735026919	0.57735026919	-0.57735026919	3.1
0.707106781187	0.0	0.707106781187	3.1
0.707106781187	0.0	-0.707106781187	3.1
0.707106781187	0.0	0.707106781187	3.1
0.707106781187	0.0	-0.707106781187	3.1
0.707106781187	0.0	0.707106781187	3.1
0.707106781187	0.0	-0.707106781187	3.1
0.707106781187	0.0	0.707106781187	3.1
0.707106781187	0.0	-0.707106781187	3.1
0.57735026919	-0.57735026919	0.57735026919	3.1
0.57735026919	-0.57735026919	-0.57735026919	3.1
0.0	0.707106781187	0.707106781187	3.1
0.0	0.707106781187	-0.707106781187	3.1
0.0	0.0	1.0	3.1
0.0	0.0	-1.0	3.1
0.0	0.0	1.0	3.1
0.0	0.0	-1.0	3.1
0.0	0.0	1.0	3.1
0.0	0.0	-1.0	3.1
0.0	0.0	1.0	3.1
0.0	0.0	-1.0	3.1
0.0	-0.707106781187	0.707106781187	3.1
0.0	-0.707106781187	-0.707106781187	3.1
0.0	0.707106781187	0.707106781187	3.1
0.0	0.707106781187	-0.707106781187	3.1
0.0	0.0	1.0	3.1
0.0	0.0	-1.0	3.1
0.0	0.0	1.0	3.1
0.0	0.0	-1.0	3.1
0.0	0.0	1.0	3.1
0.0	0.0	-1.0	3.1
0.0	0.0	1.0	3.1
0.0	0.0	-1.0	3.1
0.0	-0.707106781187	0.707106781187	3.1
0.0	-0.707106781187	-0.707106781187	3.1
0.0	0.707106781187	0.707106781187	3.1
0.0	0.707106781187	-0.707106781187	3.1
0.0	0.0	1.0	3.1
0.0	0.0	-1.0	3.1
0.0	0.0	1.0	3.1
0.0	0.0	-1.0	3.1
0.0	0.0	1.0	3.1
0.0	0.0	-1.0	3.1
0.0	0.0	1.0	3.1
0.0	0.0	-1.0	3.1
0.0	-0.707106781187	0.707106781187	3.1
0.0	-0.707106781187	-0.707106781187	3.1
0.0	0.707106781187	0.707106781187	3.1
0.0	0.707106781187	-0.707106781187	3.1
0.0	0.0	1.0	3.1
0.0	0.0	-1.0	3.1
0.0	0.0	1.0	3.1
0.0	0.0	-1.0	3.1
0.0	0.0	1.0	3.1
0.0	0.0	-1.0	3.1
0.0	0.0	1.0	3.1
0.0	0.0	-1.0	3.1
0.0	-0.707106781187	0.707106781187	3.1
0.0	-0.707106781187	-0.707106781187	3.1
0.0	0.707106781187	0.707106781187	3.1
0.0	0.707106781187	-0.707106781187	3.1
0.0	0.0	1.0	3.1
0.0	0.0	-1.0	3.1
0.0	0.0	1.0	3.1
0.0	0.0	-1.0	3.1
0.0	0.0	1.0	3.1
0.0	0.0	-1.0	3.1
0.0	0.0	1.0	3.1
0.0	0.0	-1.0	3.1
0.0	-0.707106781187	0.707106781187	3.1
0.0	-0.707106781187	-0.707106781187	3.1
0.0	0.707106781187	0.707106781187	3.1
0.0	0.707106781187	-0.707106781187	3.1
0.0	0.0	1.0	3.1
0.0	0.0	-1.0	3.1
0.0	0.0	1.0	3.1
0.0	0.0	-1.0	3.1
0.0	0.0	1.0	3.1
0.0	0.0	-1.0	3.1
0.0	0.0	1.0	3.1
0.0	0.0	-1.0	3.1
0.0	-0.707106781187	0.707106781187	3.1
0.0	-0.707106781187	-0.707106781187	3.1
0.0	0.707106781187	0.707106781187	3.1
0.0	0.707106781187	-0.707106781187	3.1
0.0	0.0	1.0	3.1
0.0	0.0	-1.0	3.1
0.0	0.0	1.0	3.1
0.0	0.0	-1.0	3.1
0.0	0.0	1.0	3.1
0.0	0.0	-1.0	3.1
0.0	0.0	1.0	3.1
0.0	0.0	-1.0	3.1
0.0	-0.707106781187	0.707106781187	3.1
0.0	-0.707106781187	-0.707106781187	3.1
0.0	0.707106781187	0.707106781187	3.1
0.0	0.707106781187	-0.707106781187	3.1
0.0	0.0	1.0	3.1
0.0	0.0	-1.0	3.1
0.0	0.0	1.0	3.1
0.0	0.0	-1.0	3.1
0.0	0.0	1.0	3.1
0.0	0.0	-1.0	3.1
0.0	0.0	1.0	3.1
0.0	0.0	-1.0	3.1
0.0	-0.707106781187	0.707106781187	3.1
0.0	-0.707106781187	-0.707106781187	3.1
-0.57735026919	0.57735026919	0.57735026919	3.1
-0.57735026919	0.57735026919	-0.57735026919	3.1
-0.707106781187	0.0	0.707106781187	3.1
-0.707106781187	0.0	-0.707106781187	3.1
-0.707106781187	0.0	0.707106781187	3.1
-0.707106781187	0.0	-0.707106781187	3.1
-0.707106781187	0.0	0.707106781187	3.1
-0.707106781187	0.0	-0.707106781187	3.1
-0.707106781187	0.0	0.707106781187	3.1
-0.707106781187	0.0	-0.707106781187	3.1
-0.57735026919	-0.57735026919	0.57735026919	3.1
-0.57735026919	-0.57735026919	-0.57735026919	3.1
0.0	0.707106781187	0.0	3.1
0.0	-0.707106781187	0.0	3.1
0.0	0.707106781187	0.0	3.1
0.0	-0.707106781187	0.0	3.1
0.0	0.707106781187	0.0	3.1
0.0	-0.707106781187	0.0	3.1
0.0	0.707106781187	0.0	3.1
0.0	-0.707106781187	0.0	3.1
0.0	0.707106781187	0.0	3.1
0.0	-0.707106781187	0.0	3.1
0.0	0.707106781187	0.0	3.1
0.0	-0.707106781187	0.0	3.1
0.0	0.707106781187	0.0	3.1
0.0	-0.707106781187	0.0	3.1
0.0	0.707106781187	0.0	3.1
0.0	-0.707106781187	0.0	3.1
0.0	1.0	0.0	3.1
0.0	-1.0	0.0	3.1
0.0	1.0	0.0	3.1
0.0	-1.0	0.0	3.1
0.0	1.0	0.0	3.1
0.0	-1.0	0.0	3.1
0.0	1.0	0.0	3.1
0.0	-1.0	0.0	3.1
0.0	1.0	0.0	3.1
0.0	-1.0	0.0	3.1
0.0	1.0	0.0	3.1
0.0	-1.0	0.0	3.1
0.0	1.0	0.0	3.1
0.0	-1.0	0.0	3.1
0.0	1.0	0.0	3.1
0.0	-1.0	0.0	3.1
0.0	1.0	0.0	3.1
0.0	-1.0	0.0	3.1
0.0	1.0	0.0	3.1
0.0	-1.0	0.0	3.1
0.0	1.0	0.0	3.1
0.0	-1.0	0.0	3.1
0.0	1.0	0.0	3.1
0.0	-1.0	0.0	3.1
0.0	1.0	0.0	3.1
0.0	-1.0	0.0	3.1
0.0	1.0	0.0	3.1
0.0	-1.0	0.0	3.1
0.0	1.0	0.0	3.1
0.0	-1.0	0.0	3.1
0.0	1.0	0.0	3.1
0.0	-1.0	0.0	3.1
0.0	1.0	0.0	3.1
0.0	-1.0	0.0	3.1
0.0	1.0	0.0	3.1
0.0	-1.0	0.0	3.1
0.0	1.0	0.0	3.1
0.0	-1.0	0.0	3.1
0.0	1.0	0.0	3.1
0.0	-1.0	0.0	3.1
0.0	1.0	0.0	3.1
0.0	-1.0	0.0	3.1
0.0	1.0	0.0	3.1
0.0	-1.0	0.0	3.1
0.0	1.0	0.0	3.1
0.0	-1.0	0.0	3.1
0.0	1.0	0.0	3.1
0.0	-1.0	0.0	3.1
0.0	1.0	0.0	3.1
0.0	-1.0	0.0	3.1
0.0	1.0	0.0	3.1
0.0	-1.0	0.0	3.1
0.0	1.0	0.0	3.1
0.0	-1.0	0.0	3.1
0.0	1.0	0.0	3.1
0.0	-1.0	0.0	3.1
0.0	1.0	0.0	3.1
0.0	-1.0	0.0	3.1
0.0	1.0	0.0	3.1
0.0	-1.0	0.0	3.1
0.0	1.0	0.0	3.1
0.0	-1.0	0.0	3.1
0.0	1.0	0.0	3.1
0.0	-1.0	0.0	3.1
0.0	1.0	0.0	3.1
0.0	-1.0	0.0	3.1
0.0	1.0	0.0	3.1
0.0	-1.0	0.0	3.1
0.0	1.0	0.0	3.1
0.0	-1.0	0.0	3.1
0.0	1.0	0.0	3.1
0.0	-1.0	0.0	3.1
0.0	1.0	0.0	3.1
0.0	-1.0	0.0	3.1
0.0	1.0	0.0	3.1
0.0	-1.0	0.0	3.1
0.0	1.0	0.0	3.1
0.0	-1.0	0.0	3.1
0.0	1.0	0.0	3.1
0.0	-1.0	0.0	3.1
0.0	1.0	0.0	3.1
0.0	-1.0	0.0	3.1
0.0	1.0	0.0	3.1
0.0	-1.0	0.0	3.1
0.0	1.0	0.0	3.1
0.0	-1.0	0.0	3.1
0.0	1.0	0.0	3.1
0.0	-1.0	0.0	3.1
0.0	1.0	0.0	3.1
0.0	-1.0	0.0	3.1
0.0	1.0	0.0	3.1
0.0	-1.0	0.0	3.1
0.0	1.0	0.0	3.1
0.0	-1.0	0.0	3.1
0.0	1.0	0.0	3.1
0.0	-1.0	0.0	3.1
0.0	1.0	0.0	3.1
0.0	-1.0	0.0	3.1
0.0	1.0	0.0	3.1
0.0	-1.0	0.0	3.1
0.0	1.0	0.0	3.1
0.0	-1.0	0.0	3.1
0.0	1.0	0.0	3.1
0.0	-1.0	0.0	3.1
0.0	1.0	0.0	3.1
0.0	-1.0	0.0	3.1
0.0	1.0	0.0	3.1
0.0	-1.0	0.0	3.1
0.0	1.0	0.0	3.1
0.0	-1.0	0.0	3.1
0.0	1.0	0.0	3.1
0.0	-1.0	0.0	3.1
0.0	1.0	0.0	3.1
0.0	-1.0	0.0	3.1
0.0	1.0	0.0	3.1
0.0	-1.0	0.0	3.1
0.0	1.0	0.0	3.1
0.0	-1.0	0.0	3.1
0.0	1.0	0.0	3.1
0.0	-1.0	0.0	3.1
0.0	1.0	0.0	3.1
0.0	-1.0	0.0	3.1
0.0	1.0	0.0	3.1
0.0	-1.0	0.0	3.1
0.0	1.0	0.0	3.1
0.0	-1.0	0.0	3.1
0.0	1.0	0.0	3.1
0.0	-1.0	0.0	3.1
0.0	0.707106781187	0.0	3.1
0.0	-0.707106781187	0.0	3.1
0.0	0.707106781187	0.0	3.1
0.0	-0.707106781187	0.0	3.1
0.0	0.707106781187	0.0	3.1
0.0	-0.707106781187	0.0	3.1
0.0	0.707106781187	0.0	3.1
0.0	-0.707106781187	0.0	3.1
0.0	0.707106781187	0.0	3.1
0.0	-0.707106781187	0.0	3.1
0.0	0.707106781187	0.0	3.1
0.0	-0.707106781187	0.0	3.1
0.0	0.707106781187	0.0	3.1
0.0	-0.707106781187	0.0	3.1
0.0	0.707106781187	0.0	3.1
0.0	-0.707106781187	0.0	3.1
1.0	0.0	0.0	3.1
-1.0	0.0	0.0	3.1
1.0	0.0	0.0	3.1
-1.0	0.0	0.0	3.1
1.0	0.0	0.0	3.1
-1.0	0.0	0.0	3.1
1.0	0.0	0.0	3.1
-1.0	0.0	0.0	3.1
1.0	0.0	0.0	3.1
-1.0	0.0	0.0	3.1
1.0	0.0	0.0	3.1
-1.0	0.0	0.0	3.1
1.0	0.0	0.0	3.1
-1.0	0.0	0.0	3.1
1.0	0.0	0.0	3.1
-1.0	0.0	0.0	3.1
1.0	0.0	0.0	3.1
-1.0	0.0	0.0	3.1
1.0	0.0	0.0	3.1
-1.0	0.0	0.0	3.1
1.0	0.0	0.0	3.1
-1.0	0.0	0.0	3.1
1.0	0.0	0.0	3.1
-1.0	0.0	0.0	3.1
1.0	0.0	0.0	3.1
-1.0	0.0	0.0	3.1
1.0	0.0	0.0	3.1
-1.0	0.0	0.0	3.1
1.0	0.0	0.0	3.1
-1.0	0.0	0.0	3.1
1.0	0.0	0.0	3.1
-1.0	0.0	0.0	3.1
1.0	0.0	0.0	3.1
-1.0	0.0	0.0	3.1
1.0	0.0	0.0	3.1
-1.0	0.0	0.0	3.1
1.0	0.0	0.0	3.1
-1.0	0.0	0.0	3.1
1.0	0.0	0.0	3.1
-1.0	0.0	0.0	3.1
1.0	0.0	0.0	3.1
-1.0	0.0	0.0	3.1
1.0	0.0	0.0	3.1
-1.0	0.0	0.0	3.1
1.0	0.0	0.0	3.1
-1.0	0.0	0.0	3.1
1.0	0.0	0.0	3.1
-1.0	0.0	0.0	3.1
1.0	0.0	0.0	3.1
-1.0	0.0	0.0	3.1
1.0	0.0	0.0	3.1
-1.0	0.0	0.0	3.1
1.0	0.0	0.0	3.1
-1.0	0.0	0.0	3.1
1.0	0.0	0.0	3.1
-1.0	0.0	0.0	3.1
1.0	0.0	0.0	3.1
-1.0	0.0	0.0	3.1
1.0	0.0	0.0	3.1
-1.0	0.0	0.0	3.1
1.0	0.0	0.0	3.1
-1.0	0.0	0.0	3.1
1.0	0.0	0.0	3.1
-1.0	0.0	0.0	3.1
[connection]
9.1	0.339201078958	0	0
1.1	0.340050742138	1.1	0
3.1	0.340050742139	0.0	0
10.1	0.479702274433	0	0
12.1	0.479702274433	0	0
4.1	0.480904371427	0.0	0
-1.0	0.0	0	0
-1.0	0.0	0	0
-1.0	0.0	0	0
-1.0	0.0	0	0
-1.0	0.0	0	0
-1.0	0.0	0	0
-1.0	0.0	0	0
-1.0	0.0	0	0
-1.0	0.0	0	0
-1.0	0.0	0	0
-1.0	0.0	0	0
-1.0	0.0	0	0
-1.0	0.0	0	0
-1.0	0.0	0	0
-1.0	0.0	0	0
-1.0	0.0	0	0
-1.0	0.0	0	0
-1.0	0.0	0	0
-1.0	0.0	0	0
-1.0	0.0	0	0
-1.0	0.0	0	0
-1.0	0.0	0	0
-1.0	0.0	0	0
-1.0	0.0	0	0
-1.0	0.0	0	0
-1.0	0.0	0	0
10.1	0.33920191244	0	0
0	0.340050742138	1.1	0
2.1	0.340050742138	1.1	0
4.1	0.340050742139	0.0	0
11.1	0.479380777623	0	0
13.1	0.479702863794	0	0
9.1	0.480584640499	0	0
5.1	0.480904371427	0	0
3.1	0.480904671993	0.0	0
-1.0	0.0	0	0
-1.0	0.0	0	0
-1.0	0.0	0	0
-1.0	0.0	0	0
-1.0	0.0	0	0
-1.0	0.0	0	0
-1.0	0.0	0	0
-1.0	0.0	0	0
-1.0	0.0	0	0
-1.0	0.0	0	0
-1.0	0.0	0	0
-1.0	0.0	0	0
-1.0	0.0	0	0
-1.0	0.0	0	0
-1.0	0.0	0	0
-1.0	0.0	0	0
-1.0	0.0	0	0
-1.0	0.0	0	0
-1.0	0.0	0	0
-1.0	0.0	0	0
-1.0	0.0	0	0
-1.0	0.0	0	0
-1.0	0.0	0	0
11.1	0.339203357248	0	0
1.1	0.340050742138	1.1	0
5.1	0.340050742139	0	0
4.1	0.480904371427	0.0	0
10.1	0.480906037775	0	0
-1.0	0.0	0	0
-1.0	0.0	0	0
-1.0	0.0	0	0
-1.0	0.0	0	0
-1.0	0.0	0	0
-1.0	0.0	0	0
-1.0	0.0	0	0
-1.0	0.0	0	0
-1.0	0.0	0	0
-1.0	0.0	0	0
-1.0	0.0	0	0
-1.0	0.0	0	0
-1.0	0.0	0	0
-1.0	0.0	0	0
-1.0	0.0	0	0
-1.0	0.0	0	0
-1.0	0.0	0	0
-1.0	0.0	0	0
-1.0	0.0	0	0
-1.0	0.0	0	0
-1.0	0.0	0	0
-1.0	0.0	0	0
-1.0	0.0	0	0
-1.0	0.0	0	0
-1.0	0.0	0	0
-1.0	0.0	0	0
-1.0	0.0	0	0
12.1	0.339202337005	0	0
6.1	0.340050742138	0	0
0	0.340050742139	0.0	0
4.1	0.340051167202	1.1	0
13.1	0.479703464924	0	0
9.1	0.480584940162	0	0
7.1	0.480904671993	0	0
1.1	0.480904671993	0.0	0
-1.0	0.0	0	0
-1.0	0.0	0	0
-1.0	0.0	0	0
-1.0	0.0	0	0
-1.0	0.0	0	0
-1.0	0.0	0	0
-1.0	0.0	0	0
-1.0	0.0	0	0
-1.0	0.0	0	0
-1.0	0.0	0	0
-1.0	0.0	0	0
-1.0	0.0	0	0
-1.0	0.0	0	0
-1.0	0.0	0	0
-1.0	0.0	0	0
-1.0	0.0	0	0
-1.0	0.0	0	0
-1.0	0.0	0	0
-1.0	0.0	0	0
-1.0	0.0	0	0
-1.0	0.0	0	0
-1.0	0.0	0	0
-1.0	0.0	0	0
-1.0	0.0	0	0
13.1	0.339203170981	0	0
5.1	0.340050742138	0	0
7.1	0.340050742138	0	0
1.1	0.340050742139	0.0	0
3.1	0.340051167202	1.1	0
12.1	0.480585528792	0	0
10.1	0.480585528792	0	0
8.1	0.480904371427	0	0
0	0.480904371427	0.0	0
2.1	0.480904371427	0.0	0
6.1	0.480904671993	0	0
-1.0	0.0	0	0
-1.0	0.0	0	0
-1.0	0.0	0	0
-1.0	0.0	0	0
-1.0	0.0	0	0
-1.0	0.0	0	0
-1.0	0.0	0	0
-1.0	0.0	0	0
-1.0	0.0	0	0
-1.0	0.0	0	0
-1.0	0.0	0	0
-1.0	0.0	0	0
-1.0	0.0	0	0
-1.0	0.0	0	0
-1.0	0.0	0	0
-1.0	0.0	0	0
-1.0	0.0	0	0
-1.0	0.0	0	0
-1.0	0.0	0	0
-1.0	0.0	0	0
-1.0	0.0	0	0
4.1	0.340050742138	0	0
8.1	0.340050742138	0.0	0
2.1	0.340050742139	0	0
11.1	0.480586548552	0	0
7.1	0.480904371427	0.0	0
1.1	0.480904371427	0	0
13.1	0.480906925474	0	0
-1.0	0.0	0	0
-1.0	0.0	0	0
-1.0	0.0	0	0
-1.0	0.0	0	0
-1.0	0.0	0	0
-1.0	0.0	0	0
-1.0	0.0	0	0
-1.0	0.0	0	0
-1.0	0.0	0	0
-1.0	0.0	0	0
-1.0	0.0	0	0
-1.0	0.0	0	0
-1.0	0.0	0	0
-1.0	0.0	0	0
-1.0	0.0	0	0
-1.0	0.0	0	0
-1.0	0.0	0	0
-1.0	0.0	0	0
-1.0	0.0	0	0
-1.0	0.0	0	0
-1.0	0.0	0	0
-1.0	0.0	0	0
-1.0	0.0	0	0
-1.0	0.0	0	0
-1.0	0.0	0	0
3.1	0.340050742138	0	0
7.1	0.340051167202	2.1	0
4.1	0.480904671993	0	0
12.1	0.480906337237	0	0
-1.0	0.0	0	0
-1.0	0.0	0	0
-1.0	0.0	0	0
-1.0	0.0	0	0
-1.0	0.0	0	0
-1.0	0.0	0	0
-1.0	0.0	0	0
-1.0	0.0	0	0
-1.0	0.0	0	0
-1.0	0.0	0	0
-1.0	0.0	0	0
-1.0	0.0	0	0
-1.0	0.0	0	0
-1.0	0.0	0	0
-1.0	0.0	0	0
-1.0	0.0	0	0
-1.0	0.0	0	0
-1.0	0.0	0	0
-1.0	0.0	0	0
-1.0	0.0	0	0
-1.0	0.0	0	0
-1.0	0.0	0	0
-1.0	0.0	0	0
-1.0	0.0	0	0
-1.0	0.0	0	0
-1.0	0.0	0	0
-1.0	0.0	0	0
-1.0	0.0	0	0
4.1	0.340050742138	0	0
8.1	0.340050742138	2.1	0
6.1	0.340051167202	2.1	0
5.1	0.480904371427	0.0	0
3.1	0.480904671993	0	0
13.1	0.480906925474	0	0
-1.0	0.0	0	0
-1.0	0.0	0	0
-1.0	0.0	0	0
-1.0	0.0	0	0
-1.0	0.0	0	0
-1.0	0.0	0	0
-1.0	0.0	0	0
-1.0	0.0	0	0
-1.0	0.0	0	0
-1.0	0.0	0	0
-1.0	0.0	0	0
-1.0	0.0	0	0
-1.0	0.0	0	0
-1.0	0.0	0	0
-1.0	0.0	0	0
-1.0	0.0	0	0
-1.0	0.0	0	0
-1.0	0.0	0	0
-1.0	0.0	0	0
-1.0	0.0	0	0
-1.0	0.0	0	0
-1.0	0.0	0	0
-1.0	0.0	0	0
-1.0	0.0	0	0
-1.0	0.0	0	0
-1.0	0.0	0	0
5.1	0.340050742138	0.0	0
7.1	0.340050742138	2.1	0
4.1	0.480904371427	0	0
-1.0	0.0	0	0
-1.0	0.0	0	0
-1.0	0.0	0	0
-1.0	0.0	0	0
-1.0	0.0	0	0
-1.0	0.0	0	0
-1.0	0.0	0	0
-1.0	0.0	0	0
-1.0	0.0	0	0
-1.0	0.0	0	0
-1.0	0.0	0	0
-1.0	0.0	0	0
-1.0	0.0	0	0
-1.0	0.0	0	0
-1.0	0.0	0	0
-1.0	0.0	0	0
-1.0	0.0	0	0
-1.0	0.0	0	0
-1.0	0.0	0	0
-1.0	0.0	0	0
-1.0	0.0	0	0
-1.0	0.0	0	0
-1.0	0.0	0	0
-1.0	0.0	0	0
-1.0	0.0	0	0
-1.0	0.0	0	0
-1.0	0.0	0	0
-1.0	0.0	0	0
-1.0	0.0	0	0
0	0.339201078958	0	0
10.1	0.339597199461	0	0
12.1	0.339597199461	0	0
13.1	0.480262965222	0	0
1.1	0.480584640499	0	0
3.1	0.480584940162	0	0
-1.0	0.0	0	0
-1.0	0.0	0	0
-1.0	0.0	0	0
-1.0	0.0	0	0
-1.0	0.0	0	0
-1.0	0.0	0	0
-1.0	0.0	0	0
-1.0	0.0	0	0
-1.0	0.0	0	0
-1.0	0.0	0	0
-1.0	0.0	0	0
-1.0	0.0	0	0
-1.0	0.0	0	0
-1.0	0.0	0	0
-1.0	0.0	0	0
-1.0	0.0	0	0
-1.0	0.0	0	0
-1.0	0.0	0	0
-1.0	0.0	0	0
-1.0	0.0	0	0
-1.0	0.0	0	0
-1.0	0.0	0	0
-1.0	0.0	0	0
-1.0	0.0	0	0
-1.0	0.0	0	0
-1.0	0.0	0	0
1.1	0.33920191244	0	0
11.1	0.339595924271	3.1	0
9.1	0.339597199461	0	0
13.1	0.339597199461	0.0	0
0	0.479702274433	0	0
12.1	0.480262965222	0.0	0
4.1	0.480585528792	0	0
2.1	0.480906037775	0	0
-1.0	0.0	0	0
-1.0	0.0	0	0
-1.0	0.0	0	0
-1.0	0.0	0	0
-1.0	0.0	0	0
-1.0	0.0	0	0
-1.0	0.0	0	0
-1.0	0.0	0	0
-1.0	0.0	0	0
-1.0	0.0	0	0
-1.0	0.0	0	0
-1.0	0.0	0	0
-1.0	0.0	0	0
-1.0	0.0	0	0
-1.0	0.0	0	0
-1.0	0.0	0	0
-1.0	0.0	0	0
-1.0	0.0	0	0
-1.0	0.0	0	0
-1.0	0.0	0	0
-1.0	0.0	0	0
-1.0	0.0	0	0
-1.0	0.0	0	0
-1.0	0.0	0	0
2.1	0.339203357248	0	0
10.1	0.339595924271	3.1	0
1.1	0.479380777623	0	0
13.1	0.480262063527	0.0	0
5.1	0.480586548552	0	0
-1.0	0.0	0	0
-1.0	0.0	0	0
-1.0	0.0	0	0
-1.0	0.0	0	0
-1.0	0.0	0	0
-1.0	0.0	0	0
-1.0	0.0	0	0
-1.0	0.0	0	0
-1.0	0.0	0	0
-1.0	0.0	0	0
-1.0	0.0	0	0
-1.0	0.0	0	0
-1.0	0.0	0	0
-1.0	0.0	0	0
-1.0	0.0	0	0
-1.0	0.0	0	0
-1.0	0.0	0	0
-1.0	0.0	0	0
-1.0	0.0	0	0
-1.0	0.0	0	0
-1.0	0.0	0	0
-1.0	0.0	0	0
-1.0	0.0	0	0
-1.0	0.0	0	0
-1.0	0.0	0	0
-1.0	0.0	0	0
-1.0	0.0	0	0
3.1	0.339202337005	0	0
9.1	0.339597199461	0	0
13.1	0.339597199461	3.1	0
0	0.479702274433	0	0
10.1	0.480262965222	0.0	0
4.1	0.480585528792	0	0
6.1	0.480906337237	0	0
-1.0	0.0	0	0
-1.0	0.0	0	0
-1.0	0.0	0	0
-1.0	0.0	0	0
-1.0	0.0	0	0
-1.0	0.0	0	0
-1.0	0.0	0	0
-1.0	0.0	0	0
-1.0	0.0	0	0
-1.0	0.0	0	0
-1.0	0.0	0	0
-1.0	0.0	0	0
-1.0	0.0	0	0
-1.0	0.0	0	0
-1.0	0.0	0	0
-1.0	0.0	0	0
-1.0	0.0	0	0
-1.0	0.0	0	0
-1.0	0.0	0	0
-1.0	0.0	0	0
-1.0	0.0	0	0
-1.0	0.0	0	0
-1.0	0.0	0	0
-1.0	0.0	0	0
-1.0	0.0	0	0
4.1	0.339203170981	0	0
10.1	0.339597199461	0.0	0
12.1	0.339597199461	3.1	0
1.1	0.479702863794	0	0
3.1	0.479703464924	0	0
11.1	0.480262063527	0.0	0
9.1	0.480262965222	0	0
5.1	0.480906925474	0	0
7.1	0.480906925474	0	0
-1.0	0.0	0	0
-1.0	0.0	0	0
-1.0	0.0	0	0
-1.0	0.0	0	0
-1.0	0.0	0	0
-1.0	0.0	0	0
-1.0	0.0	0	0
-1.0	0.0	0	0
-1.0	0.0	0	0
-1.0	0.0	0	0
-1.0	0.0	0	0
-1.0	0.0	0	0
-1.0	0.0	0	0
-1.0	0.0	0	0
-1.0	0.0	0	0
-1.0	0.0	0	0
-1.0	0.0	0	0
-1.0	0.0	0	0
-1.0	0.0	0	0
-1.0	0.0	0	0
-1.0	0.0	0	0
-1.0	0.0	0	0
-1.0	0.0	0	0
[end]
